763
655
896
913
603
481
690
426
816
795
212
507
118
960
714
372
617
964
613
558
207
185
992
343
889
457
43
676
658
769
570
871
843
84
951
821
214
331
231
68
965
877
833
909
855
333
272
345
908
442
656
771
175
107
189
187
76
112
165
410
309
282
650
501
425
809
32
273
530
926
310
619
127
354
856
979
465
588
116
380
22
233
279
512
647
191
625
82
750
42
660
791
767
142
700
665
252
852
203
44
393
126
684
553
549
164
406
275
441
601
9
600
276
510
906
432
45
370
397
557
446
718
237
338
648
242
576
308
568
171
839
453
56
853
153
829
125
177
290
555
13
480
416
166
674
287
990
348
464
192
422
787
405
27
250
973
930
573
234
57
785
303
520
565
524
776
752
459
46
916
775
246
471
879
301
358
401
770
313
54
330
91
209
162
728
794
847
217
493
562
920
186
723
784
253
73
33
482
18
241
131
159
901
820
535
941
454
582
521
62
753
377
607
247
229
928
347
305
585
424
729
711
938
991
722
409
649
667
634
907
671
359
702
47
703
79
878
997
87
395
245
710
145
672
149
812
390
337
470
30
670
216
887
604
851
67
281
349
874
117
515
773
811
645
966
362
473
733
681
567
469
21
765
152
942
864
609
258
494
299
747
497
814
826
243
150
931
99
611
952
971
950
160
102
438
296
398
262
460
788
196
259
605
761
386
81
111
219
327
919
884
340
642
176
866
764
513
148
885
717
539
977
25
304
559
294
937
917
727
218
626
734
640
527
696
741
381
479
215
89
837
935
976
876
921
389
863
934
724
832
417
436
115
936
804
271
636
168
500
996
174
664
683
587
468
595
50
620
208
749
228
326
4
74
759
819
905
28
38
428
638
580
400
210
651
652
538
225
511
756
897
12
462
249
200
135
402
981
823
657
766
755
659
341
701
838
378
706
169
1000
295
748
98
316
836
124
948
52
60
599
925
220
958
959
477
388
499
760
285
556
201
641
736
630
825
364
307
455
392
157
637
413
849
369
66
114
902
882
382
403
883
918
639
974
15
72
31
75
803
129
777
230
277
822
762
475
810
737
929
618
566
845
443
420
881
144
943
188
445
705
789
982
807
533
83
768
743
516
463
444
350
283
799
614
55
179
622
352
269
953
840
37
610
120
96
519
486
742
320
654
680
547
998
854
986
182
2
704
571
686
440
583
128
261
506
339
632
865
903
488
332
396
85
581
910
848
34
949
374
1
59
842
687
713
63
900
790
355
407
805
720
254
110
158
383
563
970
584
286
577
596
782
268
472
23
616
673
522
322
572
11
274
421
824
502
248
414
591
797
802
669
593
867
988
661
100
255
859
731
697
94
694
194
318
870
173
738
978
980
857
561
846
147
719
627
20
183
525
312
193
300
985
745
594
64
211
324
490
707
689
933
922
927
170
427
757
256
264
205
505
844
466
551
51
415
860
635
685
456
589
423
831
257
746
39
387
629
602
108
298
793
999
291
70
36
329
35
190
146
940
504
323
487
328
368
606
662
615
289
202
967
730
534
227
92
206
8
675
133
550
653
429
531
334
735
101
5
623
26
869
156
554
830
898
904
914
325
412
924
528
178
357
6
944
154
335
541
48
498
449
373
267
963
739
972
315
813
19
544
892
758
238
537
222
434
808
361
708
543
828
342
461
399
311
86
136
363
61
560
29
134
270
439
71
548
236
69
321
721
688
204
302
624
989
678
105
858
806
491
682
962
834
850
139
431
90
447
489
260
891
65
385
880
394
841
984
478
578
172
726
314
360
912
995
801
540
956
954
780
266
232
932
740
873
862
633
346
41
575
987
894
161
411
923
58
886
692
698
109
78
695
151
895
221
93
983
226
955
518
975
485
827
744
754
517
536
263
351
579
297
288
163
786
123
180
699
783
961
49
564
137
715
915
155
612
265
16
379
448
284
508
344
545
88
223
529
888
356
77
509
371
574
106
631
751
140
198
319
418
130
712
195
569
781
994
947
375
306
122
235
24
474
40
376
818
893
621
716
817
872
391
993
646
778
798
10
408
141
197
968
608
213
95
779
709
199
167
774
957
367
430
240
119
292
353
484
792
53
492
496
14
890
800
476
103
796
598
181
244
113
643
945
104
452
132
293
495
677
433
679
435
590
437
384
317
875
97
451
939
597
404
7
419
458
143
184
815
868
483
691
586
693
899
969
278
224
251
503
3
138
366
772
644
861
526
280
592
552
121
668
532
835
732
336
239
628
467
725
542
514
546
663
523
450
911
666
946
17
80
365